generation,rank_1,rank_2,swapAccepted
1000,1,2,1
2000,2,4,1
3000,2,3,1
4000,1,2,1
5000,1,4,0
6000,1,4,1
7000,2,3,0
8000,3,4,1
9000,2,3,1
10000,2,3,1
11000,1,4,0
12000,2,3,1
13000,2,3,1
14000,3,4,1
15000,2,4,1
16000,1,4,1
17000,2,4,1
18000,3,4,1
19000,1,4,1
20000,3,4,1
21000,1,3,1
22000,1,4,1
23000,1,2,1
24000,1,3,1
25000,1,4,1
26000,1,2,1
27000,1,3,1
28000,2,3,1
29000,2,4,1
30000,2,4,0
31000,1,2,1
32000,2,4,1
33000,3,4,1
34000,2,3,1
35000,2,3,1
36000,2,4,1
37000,2,4,1
38000,1,3,1
39000,3,4,1
40000,1,3,1
41000,2,4,1
42000,1,2,1
43000,2,3,1
44000,1,3,1
45000,2,3,1
46000,2,3,1
47000,2,3,1
48000,2,4,1
49000,2,4,1
50000,1,3,1
51000,1,2,1
52000,1,2,1
53000,2,4,1
54000,2,4,1
55000,1,3,1
56000,3,4,1
57000,3,4,1
58000,1,3,1
59000,1,4,1
60000,2,3,1
61000,1,4,1
62000,1,4,1
63000,2,3,1
64000,1,3,1
65000,2,3,1
66000,2,4,1
67000,1,3,1
68000,1,3,1
69000,2,3,1
70000,1,2,1
71000,1,2,1
72000,1,2,1
73000,2,4,1
74000,1,2,1
75000,1,2,1
76000,1,4,1
77000,2,3,1
78000,2,4,1
79000,2,4,1
80000,2,4,1
81000,2,3,1
82000,1,4,1
83000,1,3,1
84000,3,4,1
85000,1,2,1
86000,3,4,1
87000,3,4,1
88000,1,2,1
89000,2,4,1
90000,2,4,1
91000,2,3,1
92000,3,4,1
93000,2,3,1
94000,1,3,1
95000,1,2,1
96000,2,4,1
97000,1,2,1
98000,1,3,1
99000,1,4,1
100000,3,4,1
101000,1,4,0
102000,3,4,1
103000,1,3,1
104000,3,4,1
105000,1,4,1
106000,1,4,1
107000,2,4,1
108000,2,3,1
109000,3,4,1
110000,3,4,1
111000,1,2,1
112000,2,4,1
113000,1,3,1
114000,2,3,1
115000,3,4,1
116000,3,4,1
117000,1,4,1
118000,1,4,1
119000,1,2,0
120000,2,3,1
121000,3,4,1
122000,3,4,1
123000,1,2,1
124000,1,3,1
125000,1,2,1
126000,1,2,1
127000,2,3,1
128000,1,2,1
129000,1,2,1
130000,2,4,1
131000,1,4,1
132000,3,4,1
133000,1,3,1
134000,1,2,1
135000,1,3,1
136000,3,4,1
137000,2,4,1
138000,1,3,1
139000,2,3,1
140000,1,2,1
141000,1,4,1
142000,1,4,1
143000,1,4,1
144000,1,2,1
145000,2,3,1
146000,2,3,1
147000,1,3,1
148000,2,4,0
149000,1,4,1
150000,1,3,1
151000,1,2,1
152000,2,4,1
153000,1,2,1
154000,2,4,1
155000,1,3,1
156000,1,4,1
157000,3,4,1
158000,1,4,1
159000,1,4,1
160000,3,4,0
161000,3,4,1
162000,2,3,1
163000,2,4,1
164000,2,3,1
165000,2,4,1
166000,2,3,1
167000,2,4,1
168000,3,4,1
169000,3,4,1
170000,3,4,1
171000,1,3,1
172000,2,4,0
173000,2,3,1
174000,1,2,1
175000,2,3,1
176000,1,2,1
177000,1,3,1
178000,1,2,1
179000,1,2,1
180000,1,3,1
181000,2,4,1
182000,1,3,1
183000,1,4,1
184000,1,4,1
185000,2,4,1
186000,1,3,1
187000,2,3,1
188000,1,2,1
189000,1,4,1
190000,1,2,1
191000,1,4,1
192000,2,3,1
193000,1,3,1
194000,1,3,1
195000,2,4,1
196000,2,3,1
197000,1,3,1
198000,1,3,1
199000,3,4,1
200000,1,3,1
201000,1,2,1
202000,1,3,1
203000,3,4,1
204000,1,4,1
205000,3,4,1
206000,1,3,1
207000,2,4,1
208000,3,4,1
209000,3,4,1
210000,2,3,1
211000,1,2,1
212000,3,4,1
213000,1,2,1
214000,1,2,1
215000,3,4,1
216000,1,3,1
217000,1,2,1
218000,1,4,0
219000,1,3,1
220000,3,4,1
221000,3,4,1
222000,1,4,1
223000,3,4,1
224000,3,4,1
225000,1,3,1
226000,2,3,1
227000,2,4,1
228000,1,4,1
229000,1,3,1
230000,1,3,1
231000,1,2,1
232000,1,4,1
233000,3,4,0
234000,1,2,1
235000,3,4,1
236000,1,4,1
237000,2,3,1
238000,1,3,1
239000,2,4,1
240000,2,4,1
241000,2,3,0
242000,1,3,1
243000,2,3,1
244000,1,3,1
245000,2,4,1
246000,2,4,1
247000,1,2,1
248000,1,2,1
249000,3,4,1
250000,2,3,1
251000,1,3,1
252000,1,4,1
253000,1,2,1
254000,1,2,1
255000,1,3,1
256000,1,4,1
257000,1,3,1
258000,1,4,1
259000,2,4,1
260000,1,4,0
261000,2,4,1
262000,1,2,1
263000,1,2,1
264000,2,4,1
265000,2,3,1
266000,1,4,1
267000,3,4,1
268000,1,2,1
269000,2,4,0
270000,2,3,1
271000,1,4,1
272000,2,3,1
273000,2,4,1
274000,1,2,1
275000,1,3,1
276000,2,4,1
277000,1,3,1
278000,1,4,1
279000,2,3,1
280000,2,4,1
281000,2,4,0
282000,2,3,1
283000,3,4,1
284000,2,4,1
285000,1,4,1
286000,2,3,1
287000,1,4,1
288000,1,2,1
289000,2,3,1
290000,3,4,1
291000,2,4,1
292000,2,4,1
293000,3,4,1
294000,1,2,1
295000,2,4,1
296000,3,4,1
297000,3,4,1
298000,3,4,1
299000,1,3,1
300000,1,4,1
301000,1,2,1
302000,1,4,1
303000,1,4,1
304000,2,3,1
305000,2,4,1
306000,2,3,1
307000,2,3,1
308000,3,4,1
309000,2,3,1
310000,3,4,1
311000,2,3,1
312000,3,4,1
313000,3,4,1
314000,1,4,1
315000,1,4,0
316000,1,4,0
317000,1,3,1
318000,1,2,1
319000,2,4,1
320000,2,3,1
321000,1,3,0
322000,1,3,1
323000,1,2,1
324000,1,2,0
325000,3,4,0
326000,2,4,1
327000,1,4,1
328000,3,4,1
329000,1,3,1
330000,1,3,1
331000,1,4,1
332000,1,3,1
333000,2,4,1
334000,1,4,1
335000,2,3,1
336000,1,2,1
337000,2,4,1
338000,2,3,1
339000,1,2,1
340000,3,4,1
341000,3,4,1
342000,1,2,1
343000,1,3,1
344000,1,4,1
345000,1,4,0
346000,2,4,1
347000,1,3,1
348000,1,3,1
349000,3,4,1
350000,1,2,1
351000,2,3,1
352000,2,4,1
353000,1,2,1
354000,1,2,1
355000,1,3,1
356000,1,4,1
357000,1,3,1
358000,3,4,1
359000,1,3,1
360000,1,3,1
361000,2,4,1
362000,3,4,1
363000,1,2,1
364000,2,3,1
365000,2,3,1
366000,1,2,1
367000,2,3,1
368000,1,4,1
369000,1,2,1
370000,1,3,1
371000,1,2,1
372000,3,4,1
373000,2,3,1
374000,1,2,1
375000,1,3,1
376000,2,4,1
377000,1,4,1
378000,1,2,1
379000,1,2,1
380000,1,4,1
381000,2,4,1
382000,1,2,1
383000,2,4,1
384000,1,3,1
385000,1,2,1
386000,3,4,1
387000,2,4,1
388000,3,4,1
389000,2,4,1
390000,2,3,1
391000,2,4,1
392000,2,3,1
393000,3,4,1
394000,3,4,1
395000,1,4,1
396000,1,3,0
397000,2,4,1
398000,1,3,1
399000,1,2,1
400000,1,4,1
401000,3,4,1
402000,2,4,1
403000,1,2,1
404000,1,3,1
405000,3,4,1
406000,2,4,1
407000,1,4,1
408000,2,4,1
409000,1,2,1
410000,1,2,1
411000,2,3,1
412000,2,3,1
413000,1,3,1
414000,1,3,1
415000,2,4,1
416000,1,3,1
417000,3,4,1
418000,1,3,1
419000,2,4,1
420000,1,2,1
421000,2,4,1
422000,2,3,1
423000,2,4,1
424000,3,4,1
425000,1,3,1
426000,1,3,1
427000,1,3,1
428000,2,3,1
429000,1,3,1
430000,2,4,1
431000,3,4,1
432000,2,4,1
433000,2,4,1
434000,1,2,0
435000,3,4,1
436000,2,4,1
437000,2,4,1
438000,1,2,1
439000,2,4,1
440000,3,4,1
441000,2,3,1
442000,2,4,0
443000,1,3,1
444000,1,4,1
445000,1,2,1
446000,2,4,1
447000,1,3,1
448000,1,2,1
449000,3,4,1
450000,1,2,1
451000,3,4,1
452000,1,2,1
453000,1,3,1
454000,2,3,1
455000,2,4,1
456000,2,4,1
457000,2,3,1
458000,2,4,1
459000,2,3,1
460000,2,4,1
461000,1,2,1
462000,1,2,1
463000,2,4,1
464000,1,4,1
465000,3,4,1
466000,2,4,1
467000,2,4,1
468000,1,2,1
469000,2,4,1
470000,2,3,1
471000,2,3,1
472000,2,4,1
473000,3,4,0
474000,1,3,1
475000,2,4,1
476000,2,4,1
477000,3,4,1
478000,2,3,1
479000,1,4,0
480000,2,4,1
481000,1,2,1
482000,2,3,1
483000,3,4,1
484000,1,3,1
485000,1,4,1
486000,2,4,1
487000,1,3,1
488000,2,3,1
489000,1,4,1
490000,2,3,1
491000,3,4,1
492000,2,3,0
493000,1,4,1
494000,2,3,1
495000,3,4,1
496000,2,3,1
497000,3,4,1
498000,1,4,1
499000,2,3,1
500000,2,4,1
501000,2,4,0
502000,2,4,1
503000,1,2,1
504000,2,3,1
505000,3,4,1
506000,1,2,1
507000,2,4,0
508000,1,2,1
509000,2,4,1
510000,2,3,0
511000,2,4,1
512000,1,4,1
513000,3,4,1
514000,1,4,1
515000,1,3,1
516000,1,3,1
517000,2,3,1
518000,3,4,1
519000,2,3,1
520000,1,4,1
521000,2,4,1
522000,1,2,1
523000,3,4,1
524000,1,2,1
525000,1,4,0
526000,1,4,1
527000,1,4,1
528000,1,2,1
529000,3,4,1
530000,3,4,1
531000,1,3,1
532000,2,4,1
533000,1,4,1
534000,1,2,1
535000,2,3,1
536000,1,4,0
537000,2,4,1
538000,1,3,1
539000,2,4,1
540000,3,4,1
541000,1,3,1
542000,3,4,1
543000,2,3,1
544000,1,3,1
545000,1,4,1
546000,1,2,1
547000,1,2,1
548000,1,4,1
549000,1,3,1
550000,2,3,1
551000,1,4,1
552000,1,3,1
553000,1,3,1
554000,2,4,1
555000,1,2,1
556000,1,2,1
557000,2,3,1
558000,1,4,1
559000,3,4,1
560000,1,4,1
561000,1,2,1
562000,1,3,1
563000,1,4,1
564000,2,4,1
565000,2,3,1
566000,2,3,1
567000,1,4,1
568000,3,4,1
569000,3,4,1
570000,3,4,1
571000,1,3,1
572000,3,4,1
573000,1,3,1
574000,2,4,1
575000,1,4,1
576000,1,4,0
577000,1,2,1
578000,3,4,1
579000,1,3,1
580000,1,2,1
581000,2,3,1
582000,2,3,1
583000,1,2,1
584000,1,2,1
585000,2,4,1
586000,1,2,1
587000,1,2,1
588000,1,4,1
589000,1,3,1
590000,1,4,1
591000,3,4,1
592000,1,2,1
593000,2,4,1
594000,2,3,1
595000,2,3,1
596000,1,4,0
597000,1,4,1
598000,2,3,1
599000,1,4,1
600000,3,4,1
601000,2,3,1
602000,1,4,1
603000,1,4,1
604000,1,2,1
605000,2,3,1
606000,2,3,1
607000,1,2,1
608000,2,4,1
609000,1,2,1
610000,2,4,1
611000,1,2,1
612000,1,3,1
613000,2,4,1
614000,3,4,1
615000,3,4,1
616000,2,4,1
617000,2,3,1
618000,2,4,1
619000,2,3,1
620000,3,4,1
621000,2,4,1
622000,2,4,1
623000,1,2,1
624000,1,2,1
625000,1,2,1
626000,1,4,1
627000,1,4,1
628000,1,3,0
629000,1,2,1
630000,2,4,0
631000,1,4,1
632000,1,3,1
633000,1,2,1
634000,3,4,1
635000,3,4,1
636000,1,2,1
637000,1,3,1
638000,1,4,1
639000,1,4,1
640000,3,4,1
641000,1,2,1
642000,1,3,1
643000,2,4,1
644000,2,3,1
645000,2,3,0
646000,2,4,1
647000,1,4,1
648000,3,4,1
649000,2,3,1
650000,2,4,0
651000,3,4,1
652000,1,3,1
653000,1,3,1
654000,1,4,1
655000,2,4,1
656000,1,3,1
657000,1,4,1
658000,1,3,1
659000,1,3,1
660000,1,4,1
661000,2,4,1
662000,3,4,1
663000,2,3,0
664000,2,4,1
665000,1,3,1
666000,2,3,1
667000,2,3,1
668000,1,3,1
669000,2,3,1
670000,2,3,1
671000,1,2,1
672000,1,4,1
673000,1,2,1
674000,1,4,1
675000,1,2,1
676000,3,4,1
677000,2,4,1
678000,3,4,1
679000,2,4,1
680000,3,4,1
681000,2,3,1
682000,2,3,1
683000,2,4,0
684000,2,4,1
685000,1,2,1
686000,2,4,1
687000,3,4,1
688000,2,3,1
689000,1,4,1
690000,2,4,1
691000,1,3,1
692000,1,4,1
693000,1,3,1
694000,1,2,1
695000,1,2,1
696000,1,4,0
697000,1,2,1
698000,1,2,1
699000,2,3,1
700000,2,4,1
701000,1,4,1
702000,1,2,1
703000,1,4,1
704000,3,4,1
705000,3,4,1
706000,2,4,0
707000,1,2,1
708000,1,2,1
709000,2,4,1
710000,2,3,1
711000,2,3,1
712000,1,2,1
713000,1,2,1
714000,2,4,1
715000,2,3,1
716000,2,4,1
717000,1,3,0
718000,2,3,1
719000,2,4,1
720000,1,4,1
721000,2,3,1
722000,2,4,1
723000,1,2,1
724000,1,4,1
725000,1,3,1
726000,1,3,1
727000,1,3,1
728000,2,4,1
729000,1,4,1
730000,1,3,1
731000,1,4,1
732000,1,2,1
733000,1,4,1
734000,2,4,1
735000,3,4,1
736000,2,4,1
737000,2,4,1
738000,3,4,1
739000,3,4,1
740000,2,3,1
741000,1,3,1
742000,2,3,1
743000,1,2,1
744000,1,3,1
745000,3,4,1
746000,3,4,1
747000,1,4,1
748000,1,2,1
749000,1,2,1
750000,1,2,1
751000,2,4,1
752000,2,4,1
753000,2,4,1
754000,1,2,1
755000,1,4,1
756000,3,4,1
757000,1,2,1
758000,2,4,1
759000,2,3,1
760000,3,4,1
761000,2,4,1
762000,1,4,1
763000,3,4,1
764000,3,4,1
765000,2,4,1
766000,3,4,1
767000,2,4,1
768000,1,4,1
769000,1,4,1
770000,3,4,1
771000,1,2,1
772000,1,3,1
773000,2,4,1
774000,2,3,1
775000,1,3,1
776000,1,3,1
777000,3,4,1
778000,2,4,1
779000,1,3,1
780000,1,4,1
781000,3,4,1
782000,1,4,1
783000,1,3,1
784000,1,4,1
785000,3,4,1
786000,2,4,1
787000,2,3,1
788000,1,4,1
789000,2,3,1
790000,1,3,1
791000,1,2,1
792000,1,3,1
793000,1,3,1
794000,1,2,1
795000,2,3,1
796000,1,4,1
797000,2,3,1
798000,2,4,1
799000,1,3,1
800000,2,4,1
801000,1,3,1
802000,2,4,1
803000,1,3,1
804000,1,2,1
805000,1,3,1
806000,1,4,0
807000,2,4,1
808000,1,3,1
809000,3,4,1
810000,2,4,1
811000,2,3,1
812000,1,2,1
813000,1,3,1
814000,3,4,1
815000,1,2,1
816000,1,2,1
817000,3,4,1
818000,3,4,1
819000,2,3,1
820000,1,2,1
821000,3,4,1
822000,1,2,1
823000,2,4,1
824000,2,4,1
825000,1,2,1
826000,1,3,1
827000,1,2,1
828000,1,3,1
829000,2,4,1
830000,3,4,1
831000,1,2,1
832000,2,4,1
833000,1,2,1
834000,1,2,1
835000,3,4,1
836000,2,3,1
837000,1,3,1
838000,1,3,1
839000,3,4,1
840000,2,4,1
841000,3,4,1
842000,1,2,1
843000,2,3,1
844000,2,3,1
845000,3,4,1
846000,2,3,1
847000,3,4,1
848000,2,3,1
849000,2,3,1
850000,3,4,1
851000,1,4,1
852000,1,4,1
853000,2,3,1
854000,2,3,1
855000,3,4,1
856000,1,2,1
857000,1,2,1
858000,1,2,1
859000,1,4,1
860000,1,2,1
861000,3,4,1
862000,1,4,1
863000,1,4,1
864000,1,3,1
865000,1,2,1
866000,1,4,1
867000,1,3,1
868000,3,4,0
869000,2,3,1
870000,1,4,1
871000,1,2,1
872000,2,4,1
873000,3,4,1
874000,3,4,1
875000,2,3,0
876000,1,2,1
877000,3,4,1
878000,2,3,1
879000,1,4,1
880000,1,3,1
881000,1,3,1
882000,2,4,1
883000,3,4,1
884000,1,4,1
885000,1,4,1
886000,2,3,1
887000,1,3,1
888000,2,3,1
889000,2,4,1
890000,2,3,1
891000,1,4,1
892000,1,4,1
893000,2,4,1
894000,2,3,1
895000,2,4,1
896000,1,4,1
897000,1,4,0
898000,3,4,1
899000,2,3,1
900000,2,4,1
901000,1,4,1
902000,1,4,1
903000,1,2,1
904000,3,4,1
905000,3,4,1
906000,3,4,1
907000,2,3,1
908000,1,2,1
909000,1,2,1
910000,2,4,1
911000,2,4,1
912000,2,3,1
913000,1,4,1
914000,3,4,0
915000,1,4,1
916000,2,3,1
917000,2,4,1
918000,1,4,1
919000,3,4,1
920000,2,4,1
921000,1,3,1
922000,2,3,1
923000,3,4,1
924000,2,4,1
925000,1,4,1
926000,1,2,1
927000,1,4,1
928000,3,4,1
929000,3,4,1
930000,1,2,1
931000,3,4,1
932000,1,3,1
933000,2,3,1
934000,2,3,1
935000,2,4,1
936000,1,2,1
937000,2,3,1
938000,1,3,1
939000,2,4,1
940000,2,3,1
941000,1,3,1
942000,2,3,1
943000,1,2,1
944000,2,3,1
945000,3,4,1
946000,1,2,1
947000,2,3,1
948000,2,3,1
949000,3,4,1
950000,2,4,1
951000,2,4,1
952000,3,4,1
953000,1,2,1
954000,1,2,1
955000,2,4,1
956000,1,3,1
957000,2,3,1
958000,1,3,1
959000,2,3,1
960000,2,4,1
961000,1,3,1
962000,1,3,1
963000,2,4,1
964000,1,4,1
965000,3,4,1
966000,2,3,1
967000,2,3,1
968000,2,3,1
969000,1,3,1
970000,2,4,1
971000,3,4,1
972000,1,2,1
973000,2,3,1
974000,2,3,1
975000,1,3,1
976000,2,3,1
977000,2,4,1
978000,1,2,1
979000,1,3,1
980000,2,3,1
981000,1,2,1
982000,2,3,1
983000,3,4,1
984000,1,3,1
985000,2,3,1
986000,1,2,1
987000,1,4,1
988000,1,4,1
989000,1,3,1
990000,1,3,1
991000,1,2,1
992000,3,4,1
993000,2,4,1
994000,1,4,1
995000,1,4,1
996000,2,4,1
997000,1,4,1
998000,1,4,1
999000,1,3,0
1000000,1,3,1
1001000,1,3,1
1002000,2,3,1
1003000,3,4,1
1004000,1,2,1
1005000,1,2,1
1006000,1,4,1
1007000,2,4,1
1008000,1,2,1
1009000,3,4,1
1010000,2,3,1
1011000,1,3,1
1012000,1,3,1
1013000,1,4,1
1014000,2,3,1
1015000,1,3,1
1016000,1,3,1
1017000,1,4,1
1018000,1,4,1
1019000,2,3,1
1020000,1,3,1
1021000,1,2,1
1022000,1,4,1
1023000,1,4,1
1024000,1,2,1
1025000,1,3,1
1026000,2,4,0
1027000,2,4,1
1028000,2,3,1
1029000,2,4,1
1030000,1,3,1
1031000,1,3,1
1032000,2,4,1
1033000,2,3,1
1034000,1,2,1
1035000,2,3,1
1036000,1,3,1
1037000,1,4,1
1038000,1,4,1
1039000,2,3,1
1040000,3,4,1
1041000,2,3,1
1042000,1,3,1
1043000,2,3,1
1044000,2,3,1
1045000,1,3,1
1046000,2,4,1
1047000,1,4,1
1048000,1,3,1
1049000,1,3,1
1050000,1,3,1
1051000,1,4,1
1052000,3,4,1
1053000,1,4,1
1054000,2,3,1
1055000,1,2,1
1056000,3,4,1
1057000,1,3,1
1058000,2,4,1
1059000,1,2,1
1060000,1,2,1
1061000,1,3,1
1062000,2,4,1
1063000,1,3,1
1064000,2,3,1
1065000,2,4,1
1066000,2,3,1
1067000,1,2,1
1068000,3,4,0
1069000,2,3,1
1070000,1,4,1
1071000,1,2,1
1072000,2,3,1
1073000,1,4,1
1074000,1,2,1
1075000,2,4,1
1076000,2,3,1
1077000,1,4,0
1078000,1,4,0
1079000,3,4,1
1080000,2,4,1
1081000,1,3,1
1082000,2,3,1
1083000,1,3,1
1084000,2,3,1
1085000,2,3,1
1086000,1,4,1
1087000,3,4,1
1088000,1,2,1
1089000,1,2,1
1090000,1,2,1
1091000,2,4,1
1092000,2,3,1
1093000,3,4,1
1094000,2,4,1
1095000,2,4,1
1096000,1,4,1
1097000,1,3,1
1098000,1,3,1
1099000,2,4,1
1100000,2,4,1
1101000,2,3,1
1102000,2,3,1
1103000,3,4,1
1104000,1,4,1
1105000,1,3,1
1106000,2,4,1
1107000,2,4,1
1108000,1,4,1
1109000,2,3,1
1110000,2,3,1
1111000,3,4,1
1112000,1,2,1
1113000,2,3,1
1114000,1,3,1
1115000,2,4,1
1116000,1,3,1
1117000,3,4,1
1118000,2,3,1
1119000,2,4,1
1120000,1,3,1
1121000,3,4,1
1122000,1,2,1
1123000,1,2,1
1124000,2,3,1
1125000,3,4,0
1126000,1,2,1
1127000,2,4,1
1128000,1,2,1
1129000,1,2,1
1130000,1,2,1
1131000,2,4,1
1132000,3,4,1
1133000,1,4,0
1134000,1,3,1
1135000,2,4,1
1136000,1,4,1
1137000,2,4,1
1138000,2,4,1
1139000,2,4,1
1140000,1,2,1
1141000,1,4,0
1142000,2,3,1
1143000,1,3,1
1144000,1,3,1
1145000,2,3,1
1146000,1,4,1
1147000,1,3,1
1148000,1,4,1
1149000,1,2,1
1150000,1,2,1
1151000,1,3,1
1152000,1,3,1
1153000,1,2,1
1154000,1,2,1
1155000,2,3,1
1156000,3,4,1
1157000,1,3,1
1158000,2,4,1
1159000,2,3,1
1160000,2,3,1
1161000,1,2,1
1162000,1,4,1
1163000,2,4,1
1164000,2,4,1
1165000,1,2,1
1166000,2,3,1
1167000,3,4,1
1168000,1,2,1
1169000,1,2,1
1170000,1,3,1
1171000,1,3,1
1172000,3,4,1
1173000,1,3,1
1174000,2,3,1
1175000,1,4,1
1176000,1,4,1
1177000,2,3,1
1178000,1,2,1
1179000,2,4,1
1180000,2,3,1
1181000,1,2,1
1182000,1,2,1
1183000,2,3,1
1184000,2,3,1
1185000,3,4,1
1186000,1,3,1
1187000,1,4,1
1188000,2,4,1
1189000,1,4,1
1190000,3,4,0
1191000,1,4,1
1192000,2,3,1
1193000,1,2,1
1194000,1,4,1
1195000,2,3,1
1196000,1,2,1
1197000,3,4,1
1198000,1,3,1
1199000,1,4,1
1200000,1,3,1
1201000,2,4,1
1202000,1,2,1
1203000,2,4,1
1204000,2,4,1
1205000,1,3,1
1206000,2,3,1
1207000,2,4,1
1208000,3,4,1
1209000,1,3,1
1210000,1,2,1
1211000,1,3,1
1212000,1,3,1
1213000,2,3,1
1214000,1,3,1
1215000,1,2,0
1216000,2,3,1
1217000,3,4,1
1218000,3,4,1
1219000,1,4,1
1220000,3,4,1
1221000,2,3,1
1222000,3,4,1
1223000,2,3,1
1224000,1,4,1
1225000,2,4,1
1226000,2,3,1
1227000,2,3,1
1228000,1,2,1
1229000,1,2,1
1230000,3,4,1
1231000,2,4,1
1232000,2,3,1
1233000,1,3,1
1234000,2,4,1
1235000,1,4,1
1236000,2,4,1
1237000,3,4,1
1238000,3,4,1
1239000,2,4,1
1240000,1,2,1
1241000,3,4,1
1242000,1,2,1
1243000,1,2,1
1244000,2,4,0
1245000,1,3,1
1246000,1,4,1
1247000,1,2,1
1248000,1,4,1
1249000,1,4,1
1250000,1,4,1
1251000,1,2,1
1252000,1,3,1
1253000,1,3,1
1254000,1,4,1
1255000,2,4,1
1256000,1,3,1
1257000,1,3,1
1258000,1,2,1
1259000,3,4,1
1260000,1,4,1
1261000,3,4,1
1262000,1,2,1
1263000,1,4,1
1264000,2,3,1
1265000,2,3,1
1266000,1,4,1
1267000,2,4,1
1268000,3,4,1
1269000,1,2,1
1270000,1,3,1
1271000,3,4,1
1272000,1,3,1
1273000,1,2,1
1274000,3,4,1
1275000,1,2,1
1276000,2,3,0
1277000,1,3,1
1278000,2,3,1
1279000,1,2,1
1280000,3,4,1
1281000,2,4,1
1282000,1,4,1
1283000,2,3,1
1284000,1,4,1
1285000,1,3,1
1286000,1,3,1
1287000,3,4,1
1288000,3,4,1
1289000,1,4,1
1290000,2,4,1
1291000,2,4,1
1292000,1,3,1
1293000,1,3,1
1294000,1,3,1
1295000,1,3,1
1296000,1,3,1
1297000,1,2,1
1298000,2,3,1
1299000,3,4,1
1300000,1,2,1
1301000,1,2,1
1302000,1,2,1
1303000,2,3,1
1304000,3,4,1
1305000,3,4,1
1306000,1,4,1
1307000,1,4,0
1308000,1,4,1
1309000,2,3,1
1310000,2,3,1
1311000,2,3,1
1312000,2,4,1
1313000,2,4,1
1314000,1,2,1
1315000,1,4,1
1316000,2,4,1
1317000,1,4,1
1318000,1,4,1
1319000,1,3,1
1320000,2,3,1
1321000,1,3,1
1322000,2,4,1
1323000,1,2,1
1324000,1,2,1
1325000,1,3,1
1326000,1,4,0
1327000,3,4,1
1328000,1,4,1
1329000,2,4,1
1330000,3,4,1
1331000,2,4,1
1332000,1,3,1
1333000,3,4,1
1334000,3,4,1
1335000,1,2,0
1336000,2,4,1
1337000,2,3,1
1338000,1,4,1
1339000,1,2,1
1340000,3,4,1
1341000,2,3,0
1342000,1,4,0
1343000,2,3,1
1344000,2,4,1
1345000,1,4,1
1346000,2,4,1
1347000,2,3,1
1348000,1,2,1
1349000,1,2,1
1350000,3,4,1
1351000,1,3,1
1352000,1,3,1
1353000,3,4,1
1354000,3,4,1
1355000,2,4,1
1356000,1,2,1
1357000,2,4,0
1358000,1,4,1
1359000,1,3,1
1360000,1,2,1
1361000,1,2,1
1362000,1,3,1
1363000,1,3,1
1364000,2,3,1
1365000,1,3,1
1366000,3,4,1
1367000,2,4,1
1368000,2,3,1
1369000,1,3,1
1370000,1,2,0
1371000,2,4,1
1372000,1,4,1
1373000,1,4,1
1374000,1,3,1
1375000,2,3,1
1376000,2,4,1
1377000,2,3,1
1378000,1,3,1
1379000,3,4,1
1380000,1,3,1
1381000,1,3,1
1382000,2,3,1
1383000,1,4,1
1384000,3,4,1
1385000,2,4,1
1386000,2,4,1
1387000,2,4,1
1388000,1,2,1
1389000,2,3,1
1390000,2,3,1
1391000,3,4,1
1392000,2,3,1
1393000,3,4,1
1394000,1,2,1
1395000,2,3,1
1396000,1,4,1
1397000,2,4,1
1398000,1,2,1
1399000,2,3,1
1400000,1,4,1
1401000,1,3,1
1402000,1,4,1
1403000,3,4,1
1404000,3,4,1
1405000,1,3,1
1406000,1,3,1
1407000,2,3,1
1408000,2,4,1
1409000,2,3,1
1410000,1,4,1
1411000,1,4,1
1412000,2,3,1
1413000,2,3,1
1414000,1,3,1
1415000,1,2,1
1416000,3,4,1
1417000,2,4,1
1418000,1,4,1
1419000,3,4,1
1420000,3,4,1
1421000,1,4,1
1422000,3,4,1
1423000,3,4,1
1424000,2,4,1
1425000,1,4,1
1426000,1,2,1
1427000,2,3,1
1428000,1,2,1
1429000,1,3,1
1430000,2,3,1
1431000,1,3,0
1432000,2,3,1
1433000,2,4,1
1434000,1,3,1
1435000,2,4,1
1436000,1,2,1
1437000,2,4,1
1438000,1,2,1
1439000,1,4,1
1440000,2,4,1
1441000,2,4,1
1442000,3,4,1
1443000,2,4,1
1444000,2,4,1
1445000,2,4,1
1446000,3,4,1
1447000,2,3,1
1448000,1,2,1
1449000,1,2,1
1450000,1,2,1
1451000,2,3,1
1452000,2,4,1
1453000,1,2,1
1454000,2,3,1
1455000,2,4,1
1456000,2,4,1
1457000,1,4,1
1458000,1,2,1
1459000,2,3,1
1460000,1,4,0
1461000,3,4,1
1462000,2,4,0
1463000,1,4,1
1464000,2,4,1
1465000,2,4,1
1466000,2,4,1
1467000,2,3,1
1468000,1,3,1
1469000,1,3,1
1470000,2,3,1
1471000,3,4,1
1472000,2,3,1
1473000,3,4,1
1474000,2,4,1
1475000,2,3,1
1476000,1,3,1
1477000,2,3,1
1478000,2,3,1
1479000,1,2,1
1480000,1,3,1
1481000,2,4,1
1482000,1,3,1
1483000,1,3,1
1484000,2,3,1
1485000,1,2,1
1486000,1,2,1
1487000,2,4,1
1488000,3,4,1
1489000,3,4,1
1490000,3,4,1
1491000,1,4,1
1492000,1,3,1
1493000,1,2,1
1494000,2,3,1
1495000,1,4,1
1496000,2,4,1
1497000,1,4,1
1498000,1,3,1
1499000,2,3,1
1500000,1,2,1
1501000,3,4,1
1502000,1,4,1
1503000,1,4,1
1504000,3,4,1
1505000,1,4,1
1506000,2,4,1
1507000,1,2,1
1508000,2,4,1
1509000,1,4,1
1510000,2,3,1
1511000,3,4,1
1512000,2,3,1
1513000,1,3,1
1514000,1,4,1
1515000,1,4,1
1516000,3,4,1
1517000,1,2,1
1518000,1,2,1
1519000,2,3,1
1520000,2,4,1
1521000,2,4,1
1522000,2,4,1
1523000,1,2,1
1524000,2,4,1
1525000,2,3,1
1526000,1,3,0
1527000,1,3,1
1528000,3,4,1
1529000,1,2,1
1530000,2,4,1
1531000,3,4,1
1532000,3,4,1
1533000,2,4,1
1534000,3,4,1
1535000,3,4,1
1536000,2,3,1
1537000,2,3,1
1538000,1,3,1
1539000,3,4,1
1540000,2,3,1
1541000,1,4,1
1542000,1,4,1
1543000,1,2,1
1544000,1,3,1
1545000,1,2,1
1546000,2,4,1
1547000,2,3,1
1548000,1,4,1
1549000,1,2,1
1550000,2,3,1
1551000,3,4,1
1552000,1,3,1
1553000,1,4,1
1554000,1,2,1
1555000,1,2,1
1556000,1,2,1
1557000,1,2,1
1558000,2,3,1
1559000,1,2,1
1560000,1,2,1
1561000,3,4,1
1562000,1,3,1
1563000,1,2,1
1564000,1,2,1
1565000,2,3,1
1566000,1,4,1
1567000,1,3,1
1568000,2,4,1
1569000,1,2,1
1570000,1,3,1
1571000,2,3,1
1572000,1,4,1
1573000,1,2,1
1574000,2,3,1
1575000,2,3,1
1576000,2,4,1
1577000,1,3,1
1578000,1,4,1
1579000,1,2,1
1580000,1,2,1
1581000,3,4,1
1582000,2,3,1
1583000,2,4,1
1584000,1,3,1
1585000,2,4,1
1586000,2,3,1
1587000,3,4,1
1588000,2,4,1
1589000,1,2,1
1590000,2,4,1
1591000,3,4,1
1592000,2,3,1
1593000,2,4,1
1594000,3,4,1
1595000,2,3,1
1596000,2,3,1
1597000,1,2,1
1598000,1,3,1
1599000,1,4,1
1600000,2,4,1
1601000,2,3,1
1602000,3,4,1
1603000,1,3,1
1604000,1,3,0
1605000,3,4,1
1606000,2,4,1
1607000,1,3,1
1608000,2,3,1
1609000,2,3,1
1610000,1,3,1
1611000,1,2,1
1612000,1,2,1
1613000,1,2,1
1614000,2,4,1
1615000,1,3,1
1616000,1,3,1
1617000,2,3,1
1618000,1,2,1
1619000,2,3,1
1620000,1,4,0
1621000,2,4,1
1622000,2,4,1
1623000,2,3,1
1624000,3,4,1
1625000,2,3,1
1626000,1,4,1
1627000,1,3,1
1628000,1,2,1
1629000,1,2,1
1630000,1,2,1
1631000,1,2,1
1632000,1,2,1
1633000,3,4,1
1634000,1,3,1
1635000,2,3,1
1636000,1,4,1
1637000,2,3,1
1638000,2,4,1
1639000,2,3,1
1640000,1,3,1
1641000,2,4,1
1642000,3,4,1
1643000,1,2,1
1644000,1,3,1
1645000,1,3,1
1646000,2,3,1
1647000,2,4,1
1648000,1,4,1
1649000,1,2,1
1650000,2,4,1
1651000,2,3,1
1652000,2,3,1
1653000,3,4,1
1654000,1,3,1
1655000,3,4,1
1656000,1,2,1
1657000,3,4,1
1658000,3,4,1
1659000,1,4,1
1660000,1,2,1
1661000,1,2,1
1662000,3,4,1
1663000,1,4,1
1664000,2,4,1
1665000,1,2,1
1666000,2,4,1
1667000,1,3,1
1668000,2,4,1
1669000,2,4,0
1670000,2,4,1
1671000,2,3,1
1672000,2,3,1
1673000,3,4,1
1674000,2,4,1
1675000,2,4,1
1676000,1,4,1
1677000,2,4,1
1678000,1,2,1
1679000,1,3,1
1680000,2,3,1
1681000,1,2,1
1682000,1,2,1
1683000,1,4,1
1684000,1,2,1
1685000,3,4,1
1686000,1,2,1
1687000,2,4,1
1688000,1,2,1
1689000,3,4,1
1690000,1,2,1
1691000,2,4,1
1692000,3,4,1
1693000,1,2,1
1694000,3,4,1
1695000,1,3,1
1696000,1,2,1
1697000,2,3,0
1698000,1,2,1
1699000,2,4,0
1700000,1,2,1
1701000,2,3,1
1702000,2,3,1
1703000,1,4,1
1704000,2,3,1
1705000,2,4,1
1706000,1,2,1
1707000,2,4,1
1708000,1,3,1
1709000,3,4,1
1710000,1,3,1
1711000,1,2,1
1712000,2,3,1
1713000,1,4,1
1714000,3,4,1
1715000,2,4,1
1716000,1,3,1
1717000,1,3,1
1718000,1,4,1
1719000,2,4,1
1720000,3,4,1
1721000,2,4,1
1722000,2,4,1
1723000,1,2,0
1724000,1,3,1
1725000,2,3,1
1726000,1,3,1
1727000,2,3,1
1728000,2,4,1
1729000,3,4,0
1730000,3,4,1
1731000,2,3,1
1732000,1,3,1
1733000,3,4,1
1734000,1,3,1
1735000,2,3,1
1736000,2,4,1
1737000,1,3,1
1738000,1,4,1
1739000,1,2,1
1740000,2,4,1
1741000,2,4,1
1742000,2,3,1
1743000,1,4,1
1744000,1,3,1
1745000,2,4,1
1746000,1,2,1
1747000,1,3,1
1748000,1,3,0
1749000,2,3,1
1750000,3,4,1
1751000,1,3,1
1752000,2,4,1
1753000,2,4,1
1754000,1,2,1
1755000,1,2,1
1756000,1,4,1
1757000,1,2,1
1758000,1,3,1
1759000,1,4,1
1760000,1,2,1
1761000,2,3,1
1762000,3,4,1
1763000,3,4,1
1764000,1,4,0
1765000,2,3,1
1766000,2,3,1
1767000,1,2,1
1768000,2,3,1
1769000,1,3,1
1770000,1,2,1
1771000,1,2,1
1772000,2,4,1
1773000,1,4,0
1774000,2,4,1
1775000,1,4,1
1776000,1,4,1
1777000,2,4,1
1778000,1,4,1
1779000,2,3,1
1780000,1,2,1
1781000,1,2,1
1782000,2,3,1
1783000,2,4,1
1784000,2,4,1
1785000,2,3,1
1786000,1,3,1
1787000,1,3,1
1788000,1,4,1
1789000,3,4,1
1790000,1,4,1
1791000,1,3,1
1792000,1,3,1
1793000,1,2,1
1794000,2,4,1
1795000,3,4,1
1796000,1,3,1
1797000,1,4,1
1798000,1,2,1
1799000,1,3,1
1800000,1,3,1
1801000,3,4,0
1802000,2,4,1
1803000,2,4,1
1804000,3,4,1
1805000,1,2,1
1806000,1,3,1
1807000,2,4,1
1808000,1,2,1
1809000,2,4,1
1810000,1,2,1
1811000,1,3,1
1812000,3,4,1
1813000,2,3,1
1814000,1,3,0
1815000,3,4,1
1816000,1,3,1
1817000,3,4,1
1818000,3,4,1
1819000,1,4,1
1820000,1,3,1
1821000,1,3,1
1822000,2,3,1
1823000,2,4,1
1824000,2,3,1
1825000,1,4,1
1826000,3,4,1
1827000,1,3,1
1828000,3,4,1
1829000,2,3,1
1830000,1,4,1
1831000,1,3,1
1832000,2,3,1
1833000,2,3,1
1834000,3,4,1
1835000,3,4,1
1836000,1,2,1
1837000,1,4,1
1838000,1,3,1
1839000,2,4,1
1840000,2,4,1
1841000,3,4,1
1842000,2,4,1
1843000,1,2,1
1844000,2,4,1
1845000,1,2,1
1846000,2,4,0
1847000,1,3,1
1848000,2,4,1
1849000,1,3,1
1850000,2,3,1
1851000,1,3,1
1852000,1,4,1
1853000,1,2,1
1854000,1,4,1
1855000,2,4,1
1856000,1,4,0
1857000,1,2,1
1858000,1,2,1
1859000,2,4,1
1860000,2,3,1
1861000,1,3,1
1862000,1,2,1
1863000,2,4,1
1864000,3,4,1
1865000,3,4,1
1866000,2,4,1
1867000,1,4,1
1868000,1,3,1
1869000,2,3,1
1870000,1,4,1
1871000,2,4,1
1872000,2,3,1
1873000,2,4,1
1874000,3,4,1
1875000,2,4,1
1876000,2,3,1
1877000,2,3,1
1878000,1,2,1
1879000,2,4,1
1880000,2,4,1
1881000,3,4,1
1882000,2,4,1
1883000,1,4,1
1884000,1,2,1
1885000,1,3,1
1886000,2,3,1
1887000,2,3,1
1888000,2,3,1
1889000,2,3,1
1890000,1,2,1
1891000,1,3,1
1892000,3,4,1
1893000,2,4,1
1894000,2,4,1
1895000,1,3,1
1896000,3,4,1
1897000,3,4,1
1898000,3,4,1
1899000,2,4,1
1900000,1,3,1
1901000,2,3,1
1902000,3,4,1
1903000,3,4,1
1904000,3,4,1
1905000,3,4,1
1906000,1,2,1
1907000,1,3,1
1908000,1,2,1
1909000,2,3,1
1910000,3,4,1
1911000,1,3,1
1912000,3,4,1
1913000,2,4,0
1914000,1,4,1
1915000,3,4,1
1916000,3,4,1
1917000,1,3,1
1918000,2,3,1
1919000,2,3,1
1920000,1,3,1
1921000,1,2,1
1922000,2,4,1
1923000,1,3,1
1924000,1,3,1
1925000,1,3,1
1926000,1,4,1
1927000,1,3,1
1928000,1,2,1
1929000,1,3,1
1930000,1,2,1
1931000,2,4,1
1932000,2,4,1
1933000,3,4,1
1934000,1,4,1
1935000,2,4,1
1936000,3,4,1
1937000,3,4,1
1938000,1,4,1
1939000,2,4,1
1940000,3,4,1
1941000,3,4,1
1942000,2,4,1
1943000,1,2,1
1944000,2,4,1
1945000,3,4,1
1946000,2,3,1
1947000,1,2,1
1948000,1,3,1
1949000,2,3,1
1950000,1,3,1
1951000,1,4,0
1952000,2,4,1
1953000,1,3,1
1954000,2,3,1
1955000,2,4,1
1956000,2,4,1
1957000,2,4,1
1958000,2,3,1
1959000,1,4,1
1960000,2,4,0
1961000,1,2,1
1962000,1,2,1
1963000,2,3,1
1964000,1,3,1
1965000,2,4,1
1966000,1,4,1
1967000,3,4,1
1968000,2,3,1
1969000,2,4,1
1970000,2,3,1
1971000,1,4,1
1972000,1,3,1
1973000,3,4,1
1974000,1,4,1
1975000,1,3,1
1976000,1,2,1
1977000,2,3,1
1978000,3,4,1
1979000,3,4,1
1980000,1,4,1
1981000,2,3,1
1982000,2,3,1
1983000,3,4,1
1984000,2,3,0
1985000,1,2,1
1986000,1,2,1
1987000,1,2,1
1988000,1,3,0
1989000,3,4,1
1990000,1,2,1
1991000,1,4,1
1992000,3,4,1
1993000,2,4,1
1994000,2,4,1
1995000,1,3,1
1996000,2,4,1
1997000,1,2,1
1998000,2,3,1
1999000,1,3,1
2000000,1,3,1
2001000,2,3,1
2002000,1,4,1
2003000,2,3,1
2004000,1,3,1
2005000,1,4,1
2006000,2,4,1
2007000,2,4,1
2008000,1,2,1
2009000,2,4,1
2010000,3,4,1
2011000,1,4,0
2012000,1,3,1
2013000,1,2,1
2014000,1,2,1
2015000,2,4,1
2016000,2,4,1
2017000,1,3,1
2018000,1,4,1
2019000,1,4,1
2020000,1,3,1
2021000,3,4,1
2022000,1,2,1
2023000,2,4,1
2024000,1,4,1
2025000,1,3,1
2026000,1,3,1
2027000,2,4,1
2028000,2,3,1
2029000,1,4,1
2030000,1,2,1
2031000,2,3,1
2032000,2,3,1
2033000,3,4,1
2034000,1,3,1
2035000,3,4,1
2036000,3,4,1
2037000,2,3,1
2038000,1,2,1
2039000,2,4,1
2040000,2,3,1
2041000,1,3,1
2042000,3,4,1
2043000,1,4,1
2044000,1,2,1
2045000,1,3,1
2046000,1,3,1
2047000,1,4,1
2048000,3,4,1
2049000,3,4,1
2050000,3,4,1
2051000,1,4,1
2052000,1,4,1
2053000,3,4,1
2054000,2,4,1
2055000,1,4,1
2056000,2,3,1
2057000,2,4,1
2058000,2,3,1
2059000,1,3,0
2060000,2,3,1
2061000,3,4,1
2062000,2,4,1
2063000,1,2,1
2064000,2,4,1
2065000,2,3,1
2066000,1,3,1
2067000,3,4,1
2068000,2,4,1
2069000,3,4,1
2070000,1,3,1
2071000,2,3,1
2072000,1,4,1
2073000,1,2,1
2074000,1,2,1
2075000,2,4,1
2076000,1,3,1
2077000,2,3,1
2078000,1,4,1
2079000,1,2,1
2080000,2,3,1
2081000,1,3,1
2082000,2,4,1
2083000,1,4,1
2084000,3,4,1
2085000,2,3,1
2086000,1,4,1
2087000,2,4,1
2088000,2,4,1
2089000,3,4,0
2090000,3,4,1
2091000,3,4,1
2092000,2,4,1
2093000,1,3,1
2094000,3,4,1
2095000,1,3,1
2096000,1,2,1
2097000,1,2,1
2098000,1,4,1
2099000,3,4,1
2100000,1,4,1
2101000,1,3,1
2102000,3,4,1
2103000,1,4,1
2104000,2,3,1
2105000,1,4,1
2106000,1,3,1
2107000,1,4,1
2108000,1,2,1
2109000,1,3,1
2110000,2,4,1
2111000,1,4,1
2112000,2,3,1
2113000,2,4,1
2114000,3,4,1
2115000,1,2,1
2116000,2,3,1
2117000,1,2,1
2118000,2,4,1
2119000,2,3,1
2120000,3,4,1
2121000,2,3,1
2122000,1,2,1
2123000,1,3,1
2124000,1,3,1
2125000,3,4,1
2126000,1,3,1
2127000,3,4,1
2128000,1,2,1
2129000,1,2,1
2130000,2,4,1
2131000,3,4,1
2132000,1,2,1
2133000,1,3,1
2134000,1,2,1
2135000,1,3,1
2136000,3,4,1
2137000,1,2,1
2138000,3,4,1
2139000,3,4,1
2140000,1,2,1
2141000,3,4,1
2142000,2,3,1
2143000,1,4,1
2144000,1,2,1
2145000,1,3,1
2146000,2,4,1
2147000,1,2,1
2148000,1,2,1
2149000,1,4,1
2150000,1,2,1
2151000,3,4,1
2152000,2,4,1
2153000,1,3,1
2154000,2,3,1
2155000,1,2,1
2156000,1,2,1
2157000,2,3,1
2158000,1,4,0
2159000,1,4,1
2160000,1,4,1
2161000,1,3,1
2162000,2,3,1
2163000,1,2,1
2164000,1,3,1
2165000,1,2,1
2166000,2,4,1
2167000,3,4,1
2168000,2,3,1
2169000,2,4,1
2170000,1,2,1
2171000,1,2,1
2172000,2,3,1
2173000,1,3,1
2174000,1,2,1
2175000,3,4,1
2176000,2,4,1
2177000,3,4,1
2178000,1,4,1
2179000,2,3,1
2180000,3,4,1
2181000,2,4,1
2182000,1,4,1
2183000,1,4,1
2184000,1,4,1
2185000,1,4,1
2186000,1,3,1
2187000,1,3,1
2188000,1,4,1
2189000,2,4,1
2190000,1,3,1
2191000,1,4,1
2192000,2,4,1
2193000,2,4,1
2194000,3,4,1
2195000,1,3,1
2196000,3,4,1
2197000,3,4,1
2198000,1,4,1
2199000,1,2,1
2200000,2,4,1
2201000,1,4,1
2202000,1,4,1
2203000,1,2,1
2204000,1,2,1
2205000,2,3,1
2206000,1,2,1
2207000,2,3,1
2208000,2,4,1
2209000,3,4,1
2210000,1,3,1
2211000,2,3,1
2212000,1,3,1
2213000,3,4,1
2214000,1,3,1
2215000,1,2,1
2216000,1,4,1
2217000,2,4,1
2218000,2,4,1
2219000,1,4,1
2220000,2,3,1
2221000,1,4,1
2222000,2,4,1
2223000,1,3,0
2224000,2,3,1
2225000,1,3,1
2226000,2,4,1
2227000,2,4,1
2228000,1,3,1
2229000,1,3,1
2230000,2,3,1
2231000,1,4,1
2232000,1,2,1
2233000,3,4,1
2234000,1,2,1
2235000,1,4,1
2236000,1,4,1
2237000,1,4,1
2238000,3,4,1
2239000,3,4,1
2240000,3,4,1
2241000,3,4,1
2242000,2,4,1
2243000,1,3,1
2244000,1,3,1
2245000,1,4,1
2246000,3,4,1
2247000,3,4,1
2248000,1,2,1
2249000,2,3,1
2250000,2,3,0
2251000,1,2,1
2252000,1,4,1
2253000,3,4,1
2254000,1,3,1
2255000,1,4,1
2256000,1,3,1
2257000,3,4,1
2258000,2,4,1
2259000,2,3,1
2260000,3,4,1
2261000,2,3,1
2262000,1,3,1
2263000,1,2,1
2264000,1,4,0
2265000,3,4,1
2266000,1,4,1
2267000,3,4,1
2268000,1,3,1
2269000,1,3,1
2270000,3,4,1
2271000,2,3,1
2272000,3,4,1
2273000,2,3,1
2274000,2,4,1
2275000,1,3,1
2276000,2,3,1
2277000,1,3,0
2278000,3,4,1
2279000,2,3,1
2280000,1,2,1
2281000,1,3,1
2282000,1,3,1
2283000,2,3,1
2284000,1,2,1
2285000,1,2,1
2286000,2,4,1
2287000,1,3,1
2288000,1,2,1
2289000,2,3,1
2290000,2,3,1
2291000,1,3,1
2292000,3,4,1
2293000,1,2,0
2294000,2,3,1
2295000,1,4,1
2296000,3,4,1
2297000,1,3,1
2298000,2,3,1
2299000,1,2,0
2300000,1,4,1
2301000,3,4,1
2302000,1,4,0
2303000,2,4,1
2304000,1,4,1
2305000,1,2,1
2306000,2,3,1
2307000,2,4,1
2308000,3,4,1
2309000,2,3,1
2310000,1,4,0
2311000,2,4,1
2312000,1,4,1
2313000,3,4,1
2314000,3,4,0
2315000,1,4,1
2316000,1,2,1
2317000,1,3,1
2318000,2,3,1
2319000,2,4,1
2320000,1,4,0
2321000,1,4,1
2322000,2,3,1
2323000,3,4,1
2324000,1,3,0
2325000,1,2,1
2326000,2,4,1
2327000,1,3,1
2328000,1,4,1
2329000,1,2,1
2330000,2,4,1
2331000,1,3,1
2332000,3,4,1
2333000,2,4,1
2334000,1,2,1
2335000,1,2,1
2336000,1,4,1
2337000,3,4,1
2338000,2,3,1
2339000,2,3,1
2340000,1,3,0
2341000,1,4,1
2342000,2,4,1
2343000,1,2,1
2344000,1,2,1
2345000,1,4,1
2346000,1,4,1
2347000,1,4,1
2348000,2,3,1
2349000,1,4,1
2350000,1,2,1
2351000,1,3,1
2352000,1,2,1
2353000,3,4,1
2354000,2,3,1
2355000,1,2,1
2356000,2,4,0
2357000,2,3,1
2358000,1,4,1
2359000,2,4,1
2360000,2,3,1
2361000,2,3,1
2362000,2,3,1
2363000,2,4,1
2364000,1,4,1
2365000,1,3,1
2366000,2,3,1
2367000,1,3,1
2368000,1,2,1
2369000,2,4,1
2370000,2,4,1
2371000,2,3,1
2372000,1,2,1
2373000,1,4,1
2374000,3,4,1
2375000,1,2,1
2376000,1,2,1
2377000,2,3,1
2378000,2,4,1
2379000,1,3,1
2380000,3,4,1
2381000,2,4,1
2382000,2,4,1
2383000,2,4,1
2384000,3,4,1
2385000,1,3,0
2386000,1,2,1
2387000,2,4,1
2388000,1,2,1
2389000,2,4,1
2390000,1,2,1
2391000,1,3,1
2392000,1,2,1
2393000,1,4,1
2394000,3,4,0
2395000,2,3,1
2396000,1,3,1
2397000,3,4,1
2398000,2,4,1
2399000,1,4,1
2400000,1,4,1
2401000,3,4,1
2402000,1,2,1
2403000,2,4,1
2404000,1,2,0
2405000,1,3,1
2406000,1,3,0
2407000,2,4,0
2408000,1,2,1
2409000,2,3,1
2410000,1,4,0
2411000,1,2,1
2412000,1,4,1
2413000,3,4,1
2414000,3,4,1
2415000,1,4,1
2416000,1,4,1
2417000,1,4,1
2418000,1,3,1
2419000,3,4,1
2420000,1,4,0
2421000,2,4,1
2422000,1,4,0
2423000,3,4,1
2424000,3,4,1
2425000,1,4,1
2426000,3,4,1
2427000,1,2,1
2428000,1,3,1
2429000,1,3,1
2430000,2,4,1
2431000,2,4,1
2432000,2,4,1
2433000,2,3,1
2434000,2,3,1
2435000,1,2,1
2436000,2,3,1
2437000,1,2,1
2438000,2,4,1
2439000,2,3,1
2440000,1,3,1
2441000,1,3,1
2442000,2,3,1
2443000,1,4,1
2444000,1,2,1
2445000,2,3,0
2446000,2,3,1
2447000,1,4,1
2448000,2,3,1
2449000,2,3,1
2450000,1,4,1
2451000,2,3,1
2452000,2,4,1
2453000,2,3,1
2454000,2,3,1
2455000,1,3,1
2456000,2,4,1
2457000,3,4,1
2458000,1,4,1
2459000,1,2,1
2460000,2,3,1
2461000,1,4,1
2462000,3,4,1
2463000,3,4,1
2464000,1,3,1
2465000,1,3,1
2466000,1,3,1
2467000,1,3,1
2468000,1,3,1
2469000,1,2,1
2470000,3,4,1
2471000,2,4,1
2472000,1,4,1
2473000,1,3,1
2474000,2,4,1
2475000,2,3,1
2476000,1,4,1
2477000,1,3,1
2478000,1,2,1
2479000,1,4,0
2480000,1,2,1
2481000,2,4,1
2482000,2,4,1
2483000,1,2,1
2484000,1,4,1
2485000,1,3,1
2486000,2,3,1
2487000,1,3,1
2488000,3,4,1
2489000,1,4,1
2490000,3,4,1
2491000,1,2,1
2492000,1,3,1
2493000,2,4,1
2494000,2,3,1
2495000,3,4,1
2496000,1,2,1
2497000,2,3,1
2498000,1,3,1
2499000,1,4,1
2500000,1,2,1
2501000,1,2,1
2502000,2,3,1
2503000,2,3,1
2504000,2,3,1
2505000,3,4,1
2506000,1,3,0
2507000,1,2,1
2508000,2,4,1
2509000,2,4,1
2510000,1,2,1
2511000,2,4,1
2512000,1,3,1
2513000,1,3,1
2514000,1,4,1
2515000,1,2,1
2516000,3,4,1
2517000,1,2,1
2518000,1,2,1
2519000,1,2,1
2520000,3,4,1
2521000,1,4,1
2522000,1,4,1
2523000,3,4,1
2524000,2,3,1
2525000,1,4,1
2526000,1,3,1
2527000,1,4,1
2528000,1,3,1
2529000,1,4,1
2530000,2,4,1
2531000,1,4,1
2532000,1,3,1
2533000,2,4,1
2534000,1,3,1
2535000,3,4,1
2536000,2,4,1
2537000,2,3,1
2538000,2,4,1
2539000,2,4,1
2540000,3,4,1
2541000,1,3,1
2542000,1,2,1
2543000,1,4,1
2544000,2,3,1
2545000,1,2,1
2546000,1,4,1
2547000,1,4,1
2548000,2,4,1
2549000,2,3,1
2550000,1,2,1
2551000,2,3,1
2552000,1,2,1
2553000,1,4,0
2554000,1,2,1
2555000,1,2,1
2556000,1,3,1
2557000,1,2,1
2558000,2,4,1
2559000,1,2,1
2560000,2,3,1
2561000,1,3,1
2562000,3,4,1
2563000,1,4,1
2564000,1,2,1
2565000,1,4,1
2566000,2,3,1
2567000,1,4,1
2568000,2,4,1
2569000,1,3,1
2570000,1,3,1
2571000,1,2,1
2572000,1,2,1
2573000,1,3,1
2574000,1,3,1
2575000,1,4,1
2576000,2,3,1
2577000,1,2,1
2578000,1,2,1
2579000,2,3,1
2580000,1,4,1
2581000,1,2,1
2582000,2,4,1
2583000,1,4,1
2584000,3,4,1
2585000,1,3,1
2586000,1,2,1
2587000,1,4,1
2588000,3,4,1
2589000,1,2,1
2590000,1,4,1
2591000,3,4,1
2592000,3,4,1
2593000,1,3,1
2594000,1,4,1
2595000,2,4,1
2596000,1,4,1
2597000,1,2,1
2598000,1,3,1
2599000,1,3,1
2600000,1,4,1
2601000,1,3,1
2602000,1,2,1
2603000,1,4,1
2604000,1,4,1
2605000,2,4,1
2606000,1,3,1
2607000,2,3,1
2608000,2,4,1
2609000,1,2,1
2610000,3,4,1
2611000,2,4,1
2612000,1,4,1
2613000,1,3,1
2614000,3,4,1
2615000,2,4,1
2616000,1,2,1
2617000,3,4,1
2618000,3,4,1
2619000,2,3,1
2620000,1,2,1
2621000,1,2,1
2622000,1,4,1
2623000,1,2,1
2624000,1,3,1
2625000,2,4,1
2626000,2,3,1
2627000,1,2,1
2628000,3,4,0
2629000,3,4,1
2630000,3,4,1
2631000,1,2,1
2632000,1,3,1
2633000,1,4,0
2634000,2,3,1
2635000,3,4,1
2636000,2,3,1
2637000,1,4,1
2638000,1,4,1
2639000,1,3,1
2640000,1,2,1
2641000,2,3,1
2642000,3,4,1
2643000,1,4,1
2644000,1,3,0
2645000,2,4,1
2646000,1,3,1
2647000,2,4,1
2648000,1,2,1
2649000,1,3,1
2650000,3,4,1
2651000,1,4,1
2652000,1,2,1
2653000,1,3,1
2654000,2,4,1
2655000,2,3,1
2656000,3,4,0
2657000,2,4,1
2658000,3,4,1
2659000,3,4,1
2660000,2,3,1
2661000,1,3,1
2662000,1,2,1
2663000,1,3,1
2664000,3,4,1
2665000,3,4,1
2666000,2,4,1
2667000,1,4,1
2668000,2,4,1
2669000,2,3,1
2670000,1,3,1
2671000,1,3,1
2672000,2,3,1
2673000,3,4,1
2674000,1,4,1
2675000,2,4,1
2676000,3,4,1
2677000,1,4,1
2678000,1,2,1
2679000,1,3,1
2680000,1,2,1
2681000,1,2,1
2682000,1,4,1
2683000,1,3,1
2684000,1,3,1
2685000,1,2,1
2686000,1,2,1
2687000,2,4,1
2688000,3,4,1
2689000,2,4,0
2690000,2,4,1
2691000,2,3,1
2692000,1,3,1
2693000,1,2,1
2694000,1,4,1
2695000,3,4,1
2696000,2,3,1
2697000,1,4,1
2698000,1,4,1
2699000,1,3,0
2700000,1,2,1
2701000,2,3,1
2702000,1,3,1
2703000,2,4,1
2704000,2,4,1
2705000,3,4,1
2706000,3,4,1
2707000,1,2,1
2708000,1,2,1
2709000,2,3,1
2710000,1,3,1
2711000,2,4,1
2712000,1,3,1
2713000,1,2,1
2714000,1,3,1
2715000,1,3,1
2716000,2,4,1
2717000,1,2,1
2718000,2,3,1
2719000,1,2,1
2720000,2,4,1
2721000,1,3,1
2722000,1,2,1
2723000,2,3,1
2724000,1,4,1
2725000,3,4,1
2726000,1,4,1
2727000,1,3,1
2728000,2,3,1
2729000,1,3,1
2730000,1,2,1
2731000,3,4,1
2732000,2,4,1
2733000,2,4,1
2734000,2,4,1
2735000,1,2,1
2736000,1,3,1
2737000,2,4,1
2738000,1,2,1
2739000,1,2,1
2740000,1,4,1
2741000,1,2,1
2742000,2,3,1
2743000,1,2,1
2744000,1,3,1
2745000,1,2,1
2746000,1,2,1
2747000,1,4,1
2748000,2,4,1
2749000,3,4,1
2750000,2,4,1
2751000,1,3,1
2752000,2,3,1
2753000,2,3,1
2754000,1,4,1
2755000,1,4,1
2756000,1,4,1
2757000,2,3,1
2758000,1,3,0
2759000,1,3,1
2760000,2,3,1
2761000,1,3,1
2762000,1,2,1
2763000,1,2,1
2764000,1,4,1
2765000,1,4,1
2766000,1,4,1
2767000,3,4,1
2768000,1,3,1
2769000,2,3,1
2770000,2,3,1
2771000,1,4,0
2772000,3,4,1
2773000,1,2,1
2774000,2,4,1
2775000,1,3,1
2776000,2,4,1
2777000,1,3,1
2778000,2,4,1
2779000,2,4,1
2780000,3,4,1
2781000,1,4,1
2782000,1,3,1
2783000,1,4,1
2784000,1,4,1
2785000,1,3,1
2786000,1,3,1
2787000,2,3,1
2788000,1,4,1
2789000,3,4,1
2790000,1,2,1
2791000,1,3,1
2792000,1,2,1
2793000,1,3,1
2794000,1,4,1
2795000,1,3,1
2796000,3,4,1
2797000,1,2,1
2798000,2,3,1
2799000,1,4,1
2800000,1,4,1
2801000,3,4,1
2802000,3,4,1
2803000,3,4,1
2804000,2,3,1
2805000,1,4,1
2806000,2,3,1
2807000,3,4,1
2808000,2,3,1
2809000,3,4,1
2810000,3,4,1
2811000,1,4,1
2812000,3,4,1
2813000,1,4,1
2814000,2,3,1
2815000,2,3,1
2816000,1,3,1
2817000,1,2,1
2818000,1,3,1
2819000,2,4,1
2820000,1,3,1
2821000,1,2,1
2822000,3,4,1
2823000,2,4,1
2824000,2,4,1
2825000,1,3,1
2826000,2,4,1
2827000,1,4,1
2828000,1,3,1
2829000,1,3,1
2830000,1,4,1
2831000,1,2,1
2832000,1,2,1
2833000,3,4,1
2834000,1,4,1
2835000,1,3,1
2836000,1,2,1
2837000,1,2,1
2838000,2,3,1
2839000,3,4,0
2840000,2,4,1
2841000,2,4,1
2842000,2,3,1
2843000,1,3,1
2844000,2,4,1
2845000,2,4,1
2846000,1,3,1
2847000,2,3,1
2848000,2,3,1
2849000,2,4,1
2850000,1,3,1
2851000,1,3,0
2852000,2,3,1
2853000,1,4,1
2854000,1,3,1
2855000,2,3,1
2856000,2,3,1
2857000,1,3,1
2858000,3,4,1
2859000,2,3,1
2860000,1,4,1
2861000,1,2,1
2862000,3,4,1
2863000,2,3,1
2864000,3,4,1
2865000,1,2,1
2866000,2,4,1
2867000,1,3,1
2868000,1,3,1
2869000,2,3,1
2870000,1,2,1
2871000,1,4,0
2872000,2,3,1
2873000,1,4,1
2874000,1,4,1
2875000,2,3,1
2876000,2,3,1
2877000,2,4,1
2878000,2,4,1
2879000,1,2,1
2880000,1,2,1
2881000,1,3,1
2882000,1,3,1
2883000,2,3,1
2884000,3,4,1
2885000,1,2,1
2886000,3,4,1
2887000,1,4,1
2888000,1,3,1
2889000,2,4,1
2890000,2,4,1
2891000,2,4,1
2892000,2,3,1
2893000,2,3,1
2894000,2,4,1
2895000,3,4,1
2896000,2,4,1
2897000,1,4,1
2898000,1,4,1
2899000,1,4,1
2900000,1,4,1
2901000,1,3,1
2902000,2,3,1
2903000,3,4,1
2904000,2,4,1
2905000,2,4,1
2906000,2,4,1
2907000,1,3,1
2908000,2,4,1
2909000,1,2,1
2910000,1,4,1
2911000,3,4,1
2912000,1,3,1
2913000,1,4,1
2914000,1,4,1
2915000,2,4,1
2916000,2,4,1
2917000,1,3,1
2918000,1,4,1
2919000,1,3,1
2920000,3,4,1
2921000,3,4,1
2922000,1,2,1
2923000,1,2,1
2924000,1,2,1
2925000,1,3,1
2926000,3,4,1
2927000,3,4,1
2928000,3,4,1
2929000,1,2,1
2930000,3,4,1
2931000,1,2,1
2932000,1,2,1
2933000,3,4,1
2934000,1,3,1
2935000,2,4,1
2936000,1,3,1
2937000,2,4,1
2938000,1,4,1
2939000,1,3,1
2940000,1,2,1
2941000,3,4,1
2942000,1,4,1
2943000,1,4,1
2944000,1,4,1
2945000,1,2,1
2946000,3,4,1
2947000,2,4,1
2948000,2,3,1
2949000,1,4,1
2950000,1,4,1
2951000,2,3,1
2952000,1,3,1
2953000,1,3,0
2954000,3,4,1
2955000,2,4,1
2956000,2,4,1
2957000,1,2,1
2958000,3,4,1
2959000,1,2,1
2960000,1,2,1
2961000,2,3,1
2962000,2,4,1
2963000,2,4,1
2964000,1,2,1
2965000,1,4,1
2966000,1,4,1
2967000,2,3,1
2968000,2,4,1
2969000,1,2,1
2970000,3,4,1
2971000,2,3,1
2972000,2,3,1
2973000,2,3,1
2974000,1,3,1
2975000,2,3,1
2976000,3,4,1
2977000,2,3,1
2978000,2,3,1
2979000,2,4,1
2980000,1,4,1
2981000,1,4,1
2982000,1,2,1
2983000,2,3,1
2984000,2,4,1
2985000,2,4,1
2986000,3,4,1
2987000,1,4,1
2988000,3,4,1
2989000,1,3,1
2990000,1,3,1
2991000,1,4,1
2992000,1,2,1
2993000,3,4,1
2994000,3,4,1
2995000,2,4,1
2996000,1,4,1
2997000,1,2,1
2998000,2,4,1
2999000,2,4,1
3000000,3,4,1
3001000,3,4,1
3002000,3,4,1
3003000,1,3,1
3004000,1,2,1
3005000,1,4,1
3006000,1,3,1
3007000,2,3,1
3008000,1,2,1
3009000,1,3,1
3010000,1,2,1
3011000,1,3,1
3012000,1,4,1
3013000,2,4,1
3014000,3,4,1
3015000,2,4,1
3016000,2,3,1
3017000,2,3,1
3018000,1,2,1
3019000,1,4,0
3020000,3,4,1
3021000,2,3,1
3022000,2,3,1
3023000,1,4,1
3024000,1,3,1
3025000,1,3,1
3026000,2,3,1
3027000,1,3,1
3028000,1,3,1
3029000,3,4,1
3030000,1,2,1
3031000,2,4,1
3032000,1,4,1
3033000,2,4,1
3034000,1,3,1
3035000,3,4,1
3036000,3,4,1
3037000,1,3,1
3038000,1,2,1
3039000,2,4,1
3040000,1,2,1
3041000,2,4,1
3042000,1,4,1
3043000,2,4,1
3044000,1,3,1
3045000,2,3,1
3046000,2,3,1
3047000,1,4,1
3048000,1,4,1
3049000,1,3,1
3050000,1,2,1
3051000,3,4,1
3052000,1,2,1
3053000,2,4,1
3054000,2,3,1
3055000,2,4,1
3056000,3,4,1
3057000,2,3,1
3058000,1,4,1
3059000,3,4,1
3060000,1,3,1
3061000,2,3,1
3062000,3,4,1
3063000,1,4,1
3064000,1,3,1
3065000,3,4,1
3066000,3,4,1
3067000,3,4,1
3068000,1,3,1
3069000,1,2,0
3070000,3,4,1
3071000,2,4,1
3072000,2,4,1
3073000,3,4,1
3074000,2,3,1
3075000,1,3,1
3076000,2,3,1
3077000,2,4,1
3078000,2,4,1
3079000,1,3,1
3080000,1,4,1
3081000,1,2,1
3082000,2,4,1
3083000,1,3,1
3084000,1,3,1
3085000,1,3,1
3086000,2,3,1
3087000,1,2,1
3088000,2,4,1
3089000,3,4,1
3090000,2,4,1
3091000,1,4,1
3092000,1,2,1
3093000,2,3,1
3094000,3,4,1
3095000,1,4,1
3096000,1,4,1
3097000,2,3,1
3098000,1,2,1
3099000,3,4,1
3100000,1,4,1
3101000,2,3,1
3102000,3,4,1
3103000,3,4,1
3104000,3,4,1
3105000,1,2,1
3106000,1,2,1
3107000,3,4,1
3108000,2,4,1
3109000,1,2,1
3110000,2,3,1
3111000,2,4,1
3112000,1,4,1
3113000,2,4,1
3114000,1,4,1
3115000,2,3,1
3116000,2,3,1
3117000,3,4,1
3118000,1,4,1
3119000,1,4,1
3120000,3,4,1
3121000,2,3,1
3122000,1,3,1
3123000,1,3,1
3124000,1,3,1
3125000,1,4,1
3126000,1,3,1
3127000,2,3,1
3128000,1,2,1
3129000,1,4,1
3130000,1,2,1
3131000,1,2,1
3132000,3,4,1
3133000,2,3,1
3134000,3,4,1
3135000,2,4,1
3136000,2,3,1
3137000,3,4,1
3138000,3,4,1
3139000,1,4,1
3140000,2,4,1
3141000,2,4,1
3142000,1,3,1
3143000,2,3,1
3144000,3,4,1
3145000,1,4,1
3146000,1,3,1
3147000,3,4,1
3148000,1,4,1
3149000,1,3,1
3150000,2,4,1
3151000,2,4,0
3152000,1,4,1
3153000,1,4,1
3154000,2,3,1
3155000,2,4,1
3156000,2,3,1
3157000,1,3,1
3158000,2,3,1
3159000,1,3,1
3160000,1,2,1
3161000,1,2,1
3162000,1,2,1
3163000,1,4,1
3164000,2,3,1
3165000,2,3,1
3166000,2,3,1
3167000,2,3,1
3168000,2,4,1
3169000,2,4,1
3170000,2,3,1
3171000,2,3,1
3172000,2,3,1
3173000,3,4,1
3174000,3,4,1
3175000,1,3,1
3176000,2,3,1
3177000,3,4,1
3178000,2,4,1
3179000,1,3,1
3180000,1,2,1
3181000,1,4,1
3182000,3,4,1
3183000,1,3,0
3184000,1,3,1
3185000,2,4,1
3186000,3,4,1
3187000,1,2,1
3188000,1,3,1
3189000,3,4,1
3190000,1,2,1
3191000,3,4,1
3192000,2,3,1
3193000,1,3,1
3194000,3,4,1
3195000,1,3,1
3196000,2,3,1
3197000,2,3,1
3198000,2,3,1
3199000,2,3,1
3200000,2,4,1
3201000,1,2,0
3202000,3,4,1
3203000,2,3,1
3204000,1,3,1
3205000,1,4,1
3206000,1,2,1
3207000,3,4,0
3208000,1,2,1
3209000,2,3,1
3210000,1,4,1
3211000,3,4,1
3212000,3,4,1
3213000,2,3,1
3214000,3,4,1
3215000,2,3,1
3216000,3,4,1
3217000,3,4,1
3218000,1,4,1
3219000,1,2,1
3220000,1,2,1
3221000,3,4,1
3222000,3,4,1
3223000,2,3,1
3224000,1,2,1
3225000,1,3,1
3226000,1,2,1
3227000,1,3,1
3228000,2,3,1
3229000,2,3,1
3230000,2,4,1
3231000,1,2,1
3232000,1,3,1
3233000,2,3,1
3234000,2,3,1
3235000,1,4,1
3236000,3,4,1
3237000,1,4,1
3238000,1,2,1
3239000,1,4,1
3240000,1,2,1
3241000,1,4,1
3242000,1,3,1
3243000,1,4,1
3244000,2,3,1
3245000,2,3,1
3246000,1,3,1
3247000,1,2,1
3248000,1,4,1
3249000,1,4,1
3250000,1,4,0
3251000,2,3,1
3252000,1,2,1
3253000,2,4,1
3254000,3,4,0
3255000,1,4,1
3256000,1,4,1
3257000,1,2,1
3258000,3,4,1
3259000,2,3,1
3260000,2,4,1
3261000,1,3,1
3262000,3,4,1
3263000,1,4,1
3264000,2,4,1
3265000,1,4,1
3266000,1,2,1
3267000,2,4,1
3268000,1,3,1
3269000,1,3,1
3270000,2,3,1
3271000,1,2,1
3272000,2,4,1
3273000,1,3,1
3274000,2,4,1
3275000,1,3,1
3276000,1,3,1
3277000,1,4,1
3278000,1,4,1
3279000,1,3,1
3280000,1,2,1
3281000,1,3,1
3282000,3,4,1
3283000,1,3,1
3284000,2,4,1
3285000,1,3,1
3286000,3,4,1
3287000,3,4,1
3288000,1,3,1
3289000,1,3,1
3290000,1,4,1
3291000,1,2,1
3292000,2,4,1
3293000,1,3,1
3294000,3,4,1
3295000,1,2,1
3296000,2,3,1
3297000,3,4,1
3298000,2,3,1
3299000,1,4,1
3300000,1,2,1
3301000,1,2,1
3302000,2,4,1
3303000,1,2,1
3304000,2,3,1
3305000,2,4,1
3306000,2,3,1
3307000,2,4,1
3308000,2,4,1
3309000,1,2,1
3310000,1,2,1
3311000,1,3,1
3312000,1,3,1
3313000,2,4,1
3314000,2,3,1
3315000,1,3,1
3316000,1,2,1
3317000,1,2,1
3318000,2,4,1
3319000,1,4,1
3320000,1,3,1
3321000,2,3,1
3322000,1,2,1
3323000,2,3,1
3324000,1,2,1
3325000,2,3,1
3326000,2,3,1
3327000,2,3,1
3328000,3,4,1
3329000,3,4,1
3330000,2,4,1
3331000,1,3,1
3332000,1,3,1
3333000,2,3,1
3334000,1,3,1
3335000,3,4,1
3336000,1,2,1
3337000,2,3,1
3338000,1,2,1
3339000,1,3,1
3340000,1,3,1
3341000,1,3,1
3342000,1,4,1
3343000,1,4,1
3344000,2,3,1
3345000,1,2,1
3346000,1,4,1
3347000,1,4,1
3348000,2,4,1
3349000,1,4,1
3350000,2,3,1
3351000,1,3,1
3352000,1,3,1
3353000,1,4,1
3354000,1,3,1
3355000,2,3,1
3356000,1,3,1
3357000,2,4,1
3358000,1,2,1
3359000,2,4,1
3360000,2,4,1
3361000,3,4,1
3362000,1,2,1
3363000,2,4,1
3364000,1,4,1
3365000,1,4,1
3366000,1,2,1
3367000,3,4,1
3368000,1,4,1
3369000,2,4,1
3370000,2,3,1
3371000,1,4,1
3372000,1,3,1
3373000,3,4,1
3374000,1,4,1
3375000,1,2,1
3376000,2,4,1
3377000,1,2,1
3378000,3,4,1
3379000,2,3,1
3380000,2,4,1
3381000,3,4,1
3382000,2,4,0
3383000,1,4,1
3384000,2,4,1
3385000,1,2,0
3386000,1,3,1
3387000,3,4,1
3388000,2,3,1
3389000,2,4,1
3390000,1,2,1
3391000,2,3,1
3392000,1,4,1
3393000,1,4,1
3394000,2,4,1
3395000,1,4,1
3396000,3,4,1
3397000,2,3,1
3398000,2,3,1
3399000,1,3,1
3400000,2,4,1
3401000,1,4,1
3402000,1,2,1
3403000,1,4,1
3404000,3,4,1
3405000,2,4,1
3406000,1,2,1
3407000,3,4,1
3408000,2,4,1
3409000,1,2,1
3410000,1,4,1
3411000,2,4,1
3412000,1,4,1
3413000,1,2,1
3414000,1,3,1
3415000,2,4,1
3416000,3,4,1
3417000,3,4,1
3418000,1,3,1
3419000,1,2,1
3420000,1,2,1
3421000,1,2,1
3422000,2,4,1
3423000,1,2,1
3424000,2,3,1
3425000,1,4,1
3426000,2,4,1
3427000,2,3,1
3428000,2,4,1
3429000,1,4,1
3430000,3,4,1
3431000,1,4,1
3432000,1,2,1
3433000,2,3,1
3434000,1,2,1
3435000,1,4,1
3436000,1,4,1
3437000,2,4,1
3438000,3,4,1
3439000,1,4,1
3440000,1,4,1
3441000,1,3,1
3442000,2,4,1
3443000,1,3,1
3444000,2,4,1
3445000,2,4,1
3446000,3,4,1
3447000,1,2,1
3448000,1,2,1
3449000,1,4,1
3450000,1,4,1
3451000,2,3,1
3452000,1,3,1
3453000,1,4,0
3454000,2,4,1
3455000,2,4,1
3456000,2,3,1
3457000,3,4,1
3458000,1,4,1
3459000,2,3,1
3460000,1,3,1
3461000,2,4,1
3462000,1,4,0
3463000,2,4,1
3464000,3,4,1
3465000,3,4,1
3466000,2,4,1
3467000,1,2,1
3468000,2,3,1
3469000,1,4,1
3470000,1,2,1
3471000,1,3,1
3472000,3,4,0
3473000,1,2,1
3474000,1,2,1
3475000,1,3,1
3476000,2,3,1
3477000,1,3,1
3478000,1,3,0
3479000,3,4,1
3480000,2,3,1
3481000,3,4,1
3482000,1,4,1
3483000,1,4,1
3484000,1,2,1
3485000,2,3,1
3486000,2,4,1
3487000,1,3,1
3488000,2,4,1
3489000,3,4,1
3490000,2,4,0
3491000,2,4,1
3492000,3,4,1
3493000,2,4,1
3494000,2,3,1
3495000,1,4,1
3496000,1,4,1
3497000,2,3,1
3498000,1,4,1
3499000,1,4,1
3500000,1,4,1
3501000,1,3,1
3502000,1,4,1
3503000,1,2,0
3504000,2,3,1
3505000,1,4,1
3506000,2,3,1
3507000,2,4,1
3508000,2,3,1
3509000,1,3,1
3510000,1,3,1
3511000,1,2,1
3512000,2,4,1
3513000,3,4,1
3514000,2,4,1
3515000,2,4,1
3516000,3,4,1
3517000,1,3,1
3518000,1,4,1
3519000,2,4,1
3520000,2,4,1
3521000,1,3,1
3522000,3,4,1
3523000,3,4,1
3524000,3,4,1
3525000,1,3,1
3526000,1,4,1
3527000,1,3,1
3528000,1,4,1
3529000,2,3,1
3530000,1,2,1
3531000,3,4,1
3532000,1,4,1
3533000,3,4,1
3534000,2,3,1
3535000,3,4,1
3536000,2,4,1
3537000,2,4,1
3538000,2,4,1
3539000,2,4,1
3540000,1,2,1
3541000,2,4,1
3542000,1,4,1
3543000,2,4,1
3544000,1,4,1
3545000,2,4,1
3546000,1,3,1
3547000,2,3,1
3548000,2,4,1
3549000,2,3,1
3550000,1,3,1
3551000,3,4,1
3552000,1,2,1
3553000,1,2,1
3554000,2,4,1
3555000,1,4,1
3556000,2,4,1
3557000,1,4,1
3558000,3,4,1
3559000,1,2,1
3560000,3,4,1
3561000,2,4,1
3562000,3,4,1
3563000,3,4,1
3564000,2,3,1
3565000,3,4,1
3566000,3,4,1
3567000,1,4,1
3568000,3,4,1
3569000,2,3,1
3570000,2,4,1
3571000,1,3,1
3572000,1,4,1
3573000,1,4,1
3574000,3,4,1
3575000,2,3,1
3576000,1,2,1
3577000,2,3,1
3578000,2,3,1
3579000,1,3,1
3580000,2,3,1
3581000,2,3,1
3582000,2,4,1
3583000,1,4,1
3584000,3,4,1
3585000,2,4,1
3586000,3,4,1
3587000,2,4,1
3588000,1,4,0
3589000,2,4,0
3590000,1,4,1
3591000,3,4,1
3592000,2,4,1
3593000,3,4,1
3594000,2,4,1
3595000,1,2,1
3596000,3,4,1
3597000,1,4,1
3598000,1,2,1
3599000,1,4,1
3600000,2,3,1
3601000,1,4,1
3602000,2,3,1
3603000,3,4,1
3604000,2,3,1
3605000,1,4,1
3606000,1,4,1
3607000,1,4,1
3608000,1,3,1
3609000,2,3,1
3610000,1,4,1
3611000,1,4,0
3612000,3,4,1
3613000,1,4,0
3614000,2,4,1
3615000,3,4,1
3616000,1,4,1
3617000,1,2,1
3618000,1,2,1
3619000,1,2,1
3620000,3,4,1
3621000,3,4,1
3622000,1,4,1
3623000,1,2,1
3624000,1,2,1
3625000,2,3,1
3626000,1,3,1
3627000,1,2,1
3628000,2,4,1
3629000,1,2,1
3630000,1,2,1
3631000,2,4,1
3632000,1,2,1
3633000,1,2,1
3634000,1,4,1
3635000,2,4,0
3636000,1,4,1
3637000,2,3,1
3638000,1,2,1
3639000,2,4,1
3640000,1,3,1
3641000,3,4,1
3642000,1,2,1
3643000,1,3,1
3644000,2,4,1
3645000,1,4,1
3646000,1,4,1
3647000,1,2,1
3648000,2,4,1
3649000,2,4,1
3650000,2,4,1
3651000,1,3,1
3652000,1,4,1
3653000,2,3,1
3654000,3,4,1
3655000,2,3,1
3656000,3,4,1
3657000,1,2,1
3658000,2,3,1
3659000,2,3,1
3660000,2,3,1
3661000,1,4,1
3662000,3,4,1
3663000,1,3,1
3664000,1,2,1
3665000,1,4,1
3666000,1,3,1
3667000,1,3,0
3668000,2,4,1
3669000,1,2,1
3670000,1,2,1
3671000,2,4,1
3672000,1,2,1
3673000,2,3,1
3674000,2,4,1
3675000,2,3,1
3676000,2,4,1
3677000,1,2,1
3678000,1,2,1
3679000,2,4,1
3680000,2,3,1
3681000,2,3,1
3682000,1,3,1
3683000,2,3,0
3684000,1,2,1
3685000,2,3,1
3686000,1,2,1
3687000,3,4,1
3688000,1,4,1
3689000,2,3,1
3690000,1,4,0
3691000,2,3,1
3692000,3,4,1
3693000,1,2,1
3694000,1,2,1
3695000,3,4,1
3696000,2,4,1
3697000,2,3,1
3698000,2,4,1
3699000,2,3,1
3700000,1,4,1
3701000,2,4,1
3702000,1,3,1
3703000,2,3,1
3704000,2,3,1
3705000,2,3,1
3706000,1,2,1
3707000,2,4,1
3708000,1,4,1
3709000,2,4,0
3710000,2,4,1
3711000,2,3,1
3712000,2,4,1
3713000,2,4,1
3714000,1,3,1
3715000,3,4,1
3716000,1,3,0
3717000,3,4,1
3718000,1,3,1
3719000,1,4,1
3720000,2,4,1
3721000,1,3,1
3722000,2,3,1
3723000,1,2,1
3724000,2,4,1
3725000,2,4,1
3726000,1,3,1
3727000,2,3,1
3728000,2,4,1
3729000,3,4,1
3730000,1,4,1
3731000,1,3,1
3732000,1,2,1
3733000,1,4,1
3734000,1,4,1
3735000,2,3,1
3736000,2,4,1
3737000,1,4,1
3738000,1,3,1
3739000,2,4,1
3740000,1,2,1
3741000,2,3,1
3742000,1,4,1
3743000,1,4,1
3744000,2,4,1
3745000,1,2,1
3746000,1,2,1
3747000,1,2,1
3748000,2,4,1
3749000,2,4,1
3750000,1,4,1
3751000,1,4,1
3752000,1,2,1
3753000,3,4,1
3754000,2,4,1
3755000,1,2,1
3756000,2,3,1
3757000,2,4,1
3758000,2,3,1
3759000,3,4,1
3760000,1,3,1
3761000,3,4,1
3762000,2,4,1
3763000,1,2,1
3764000,1,3,1
3765000,1,2,1
3766000,1,4,1
3767000,2,4,1
3768000,3,4,1
3769000,2,4,1
3770000,2,3,1
3771000,1,3,1
3772000,2,3,1
3773000,2,4,1
3774000,2,3,1
3775000,1,4,1
3776000,1,4,1
3777000,1,4,0
3778000,1,3,1
3779000,1,2,1
3780000,1,4,1
3781000,1,3,1
3782000,2,4,1
3783000,2,4,1
3784000,1,2,1
3785000,2,4,1
3786000,2,4,1
3787000,2,4,1
3788000,1,2,1
3789000,1,3,1
3790000,2,3,1
3791000,2,4,1
3792000,2,4,1
3793000,1,4,1
3794000,1,4,1
3795000,3,4,1
3796000,2,4,1
3797000,1,2,1
3798000,1,3,1
3799000,2,4,1
3800000,2,3,1
3801000,3,4,1
3802000,1,3,1
3803000,3,4,1
3804000,1,4,1
3805000,3,4,1
3806000,2,3,1
3807000,1,3,1
3808000,2,3,1
3809000,1,2,1
3810000,1,2,1
3811000,1,2,1
3812000,2,4,1
3813000,1,3,1
3814000,2,3,1
3815000,1,2,1
3816000,1,4,1
3817000,1,2,1
3818000,1,4,1
3819000,1,2,1
3820000,1,2,1
3821000,1,2,1
3822000,1,3,1
3823000,1,3,1
3824000,3,4,1
3825000,2,4,1
3826000,2,4,1
3827000,2,3,1
3828000,1,3,1
3829000,3,4,1
3830000,3,4,1
3831000,1,2,1
3832000,3,4,1
3833000,1,2,1
3834000,2,4,1
3835000,1,4,1
3836000,1,3,1
3837000,1,2,1
3838000,2,3,1
3839000,1,3,1
3840000,1,3,1
3841000,1,2,1
3842000,1,4,1
3843000,2,3,1
3844000,1,2,1
3845000,3,4,1
3846000,2,3,1
3847000,3,4,1
3848000,2,3,1
3849000,1,2,1
3850000,1,4,1
3851000,2,4,1
3852000,1,3,1
3853000,3,4,1
3854000,2,3,1
3855000,3,4,1
3856000,3,4,1
3857000,1,3,1
3858000,1,2,1
3859000,1,4,1
3860000,1,4,0
3861000,2,4,1
3862000,1,4,1
3863000,1,3,1
3864000,1,4,1
3865000,1,4,1
3866000,1,4,1
3867000,1,4,1
3868000,1,4,1
3869000,1,2,1
3870000,1,3,1
3871000,1,2,1
3872000,2,4,1
3873000,1,3,1
3874000,1,2,1
3875000,2,3,1
3876000,2,4,1
3877000,3,4,1
3878000,1,2,1
3879000,3,4,1
3880000,1,2,1
3881000,1,4,1
3882000,2,4,1
3883000,3,4,1
3884000,1,2,1
3885000,1,2,1
3886000,3,4,1
3887000,1,2,1
3888000,2,3,1
3889000,2,4,1
3890000,1,2,1
3891000,2,3,1
3892000,2,3,1
3893000,2,4,1
3894000,1,4,1
3895000,1,4,1
3896000,1,4,1
3897000,1,2,1
3898000,1,2,1
3899000,2,3,1
3900000,1,3,1
3901000,1,3,1
3902000,2,3,1
3903000,2,4,1
3904000,2,4,1
3905000,1,2,1
3906000,2,4,1
3907000,2,3,1
3908000,1,4,1
3909000,2,3,1
3910000,3,4,1
3911000,1,4,1
3912000,3,4,1
3913000,1,4,1
3914000,2,4,1
3915000,3,4,1
3916000,1,3,1
3917000,3,4,1
3918000,1,3,1
3919000,1,3,1
3920000,3,4,1
3921000,1,3,1
3922000,3,4,1
3923000,1,2,1
3924000,1,3,1
3925000,3,4,1
3926000,2,4,1
3927000,1,4,1
3928000,2,4,1
3929000,1,4,1
3930000,2,3,1
3931000,3,4,1
3932000,2,4,1
3933000,2,3,1
3934000,2,3,1
3935000,2,4,1
3936000,3,4,1
3937000,2,3,1
3938000,1,2,1
3939000,2,4,1
3940000,2,4,0
3941000,2,3,1
3942000,3,4,1
3943000,1,2,1
3944000,1,2,1
3945000,1,4,1
3946000,1,2,1
3947000,1,4,1
3948000,1,2,1
3949000,1,2,1
3950000,3,4,1
3951000,1,4,1
3952000,1,3,1
3953000,2,4,1
3954000,3,4,1
3955000,1,2,1
3956000,3,4,1
3957000,2,4,1
3958000,1,3,1
3959000,2,3,1
3960000,3,4,1
3961000,1,2,1
3962000,2,4,1
3963000,2,3,1
3964000,1,4,1
3965000,2,3,1
3966000,2,4,1
3967000,1,4,1
3968000,1,4,1
3969000,1,4,0
3970000,1,2,1
3971000,1,3,1
3972000,3,4,1
3973000,3,4,1
3974000,1,4,1
3975000,1,3,1
3976000,1,3,1
3977000,1,3,1
3978000,1,3,1
3979000,1,4,1
3980000,1,3,0
3981000,1,3,1
3982000,2,4,1
3983000,1,3,1
3984000,1,3,1
3985000,2,4,1
3986000,1,2,1
3987000,3,4,1
3988000,1,3,1
3989000,1,4,1
3990000,1,2,1
3991000,3,4,1
3992000,1,4,1
3993000,1,3,1
3994000,2,3,1
3995000,3,4,1
3996000,2,3,1
3997000,1,2,1
3998000,3,4,1
3999000,1,3,1
4000000,1,2,1
